[header-bg.jpg]
filters=finetune2=1,0.239766,0.000000,0.067368,00000000,1.000000;sat=1,0.161800;Orton=1,25.000000,50.000000,0.000000;autocolor=1;enhance=1;sepia=1;warm=1;Invert=1;Lomo=1,50.000000,0.000000;Neon=1,0.000000,fff62e00;finetune2=1,0.000000,0.000000,0.480000,00000000,0.239766;
moddate=5f83ebe49747d001
width=1894
height=1035
textactive=0
